-3.193990513682365417e-02
2.829519987106323242e+00
3.538583040237426758e+00
3.229739189147949219e+00
3.282379865646362305e+00
3.381566047668457031e+00
3.122345209121704102e+00
3.074906110763549805e+00
3.128215074539184570e+00
2.883139848709106445e+00
3.793901681900024414e+00
2.979641437530517578e+00
3.583152532577514648e+00
2.928887844085693359e+00
3.131083726882934570e+00
3.478323698043823242e+00
3.181742668151855469e+00
3.480407953262329102e+00
3.428950548171997070e+00
3.177191734313964844e+00
3.334200382232666016e+00
2.820073127746582031e+00
3.236930847167968750e+00
3.027192592620849609e+00
3.131288051605224609e+00
3.277325153350830078e+00
3.429361581802368164e+00
2.876839876174926758e+00
2.476987123489379883e+00
3.331127643585205078e+00
3.019257545471191406e+00
2.979228258132934570e+00
3.025604009628295898e+00
2.823754549026489258e+00
2.919323682785034180e+00
3.277320623397827148e+00
3.690657138824462891e+00
3.482402086257934570e+00
3.388894557952880859e+00
3.129446029663085938e+00
3.536591529846191406e+00
3.226010799407958984e+00
3.275557041168212891e+00
3.183977127075195312e+00
2.978156328201293945e+00
2.829330444335937500e+00
2.982667446136474609e+00
3.079486608505249023e+00
3.089695930480957031e+00
3.339270114898681641e+00
3.484551429748535156e+00
3.539767265319824219e+00
2.929564476013183594e+00
3.129290103912353516e+00
2.777848482131958008e+00
3.640928030014038086e+00
3.228227853775024414e+00
2.918879985809326172e+00
3.073693037033081055e+00
3.231940984725952148e+00
3.136428833007812500e+00
2.881775617599487305e+00
2.933785200119018555e+00
3.430277109146118164e+00
3.321791410446166992e+00
2.625547409057617188e+00
3.276908874511718750e+00
3.225822448730468750e+00
2.827068090438842773e+00
3.071606636047363281e+00
2.728902578353881836e+00
2.986770629882812500e+00
3.026615381240844727e+00
3.231069087982177734e+00
3.436924695968627930e+00
3.430527448654174805e+00
3.430588722229003906e+00
3.182106733322143555e+00
3.280253648757934570e+00
3.391648769378662109e+00
3.076070785522460938e+00
3.579206466674804688e+00
3.381409406661987305e+00
2.811874151229858398e+00
3.329091548919677734e+00
2.930180549621582031e+00
3.582508325576782227e+00
3.180189609527587891e+00
2.882342576980590820e+00
3.333734750747680664e+00
3.021329402923583984e+00
2.879257917404174805e+00
3.075939416885375977e+00
3.026376724243164062e+00
3.083945274353027344e+00
3.183157920837402344e+00
3.229028701782226562e+00
3.133280277252197266e+00
3.384302616119384766e+00
3.022517681121826172e+00
2.781958103179931641e+00
3.542826175689697266e+00
3.080293178558349609e+00
3.340804338455200195e+00
3.124797105789184570e+00
2.775980949401855469e+00
3.282114505767822266e+00
2.980094194412231445e+00
3.233234167098999023e+00
3.129094123840332031e+00
3.324984073638916016e+00
3.381035089492797852e+00
3.085389614105224609e+00
3.322902441024780273e+00
3.183937072753906250e+00
3.639517784118652344e+00
3.694862365722656250e+00
3.488041400909423828e+00
3.384047269821166992e+00
3.177595615386962891e+00
3.530187129974365234e+00
3.131539583206176758e+00
3.024202585220336914e+00
3.031218767166137695e+00
3.383228778839111328e+00
3.378348588943481445e+00
3.284606218338012695e+00
3.636217355728149414e+00
2.576770067214965820e+00
2.930990695953369141e+00
3.283539772033691406e+00
2.922670841217041016e+00
2.816229820251464844e+00
3.132448196411132812e+00
3.131530046463012695e+00
3.797918319702148438e+00
3.385282039642333984e+00
2.926002740859985352e+00
3.022197484970092773e+00
3.178339242935180664e+00
3.490917444229125977e+00
3.229306936264038086e+00
3.428597688674926758e+00
3.376896381378173828e+00
3.276744127273559570e+00
3.126043319702148438e+00
3.134178876876831055e+00
3.026523351669311523e+00
3.591438293457031250e+00
3.333330392837524414e+00
3.523269891738891602e+00
3.123474121093750000e+00
3.274152517318725586e+00
2.920476675033569336e+00
3.733303308486938477e+00
2.820752859115600586e+00
3.126574993133544922e+00
3.025644779205322266e+00
3.279886484146118164e+00
3.084359407424926758e+00
3.229333162307739258e+00
3.686111688613891602e+00
3.279328584671020508e+00
3.225798368453979492e+00
3.384405612945556641e+00
3.636582612991333008e+00
3.683390617370605469e+00
3.027155399322509766e+00
2.978779554367065430e+00
3.688057661056518555e+00
3.530798912048339844e+00
3.277287483215332031e+00
3.021579265594482422e+00
3.130592107772827148e+00
3.279511451721191406e+00
3.481425762176513672e+00
3.286688327789306641e+00
3.381882667541503906e+00
3.585029363632202148e+00
2.984153509140014648e+00
3.175174236297607422e+00
3.283667087554931641e+00
3.279394149780273438e+00
3.332498073577880859e+00
3.124324321746826172e+00
3.540147304534912109e+00
3.327161312103271484e+00
3.679765939712524414e+00
2.960076808929443359e+00
3.181187391281127930e+00
3.178537845611572266e+00
3.839887142181396484e+00
2.984623908996582031e+00
3.127771854400634766e+00
3.585521459579467773e+00
3.471379041671752930e+00
3.892941474914550781e+00
3.689512729644775391e+00
3.642410516738891602e+00
3.379037141799926758e+00
3.279346227645874023e+00
3.529644250869750977e+00
3.130435228347778320e+00
3.381724596023559570e+00
3.595343351364135742e+00
3.633728981018066406e+00
3.386605501174926758e+00
2.978317022323608398e+00
2.874632358551025391e+00
3.739710807800292969e+00
3.387376070022583008e+00
3.640440464019775391e+00
3.484791040420532227e+00
3.335382699966430664e+00
3.273118972778320312e+00
3.083928108215332031e+00
3.120426654815673828e+00
3.326618909835815430e+00
3.524362087249755859e+00
3.634881258010864258e+00
3.636878728866577148e+00
3.480846166610717773e+00
3.437916517257690430e+00
3.124061584472656250e+00
3.339163541793823242e+00
3.387597560882568359e+00
4.039304256439208984e+00
3.483038425445556641e+00
3.436660766601562500e+00
3.333207130432128906e+00
3.076323032379150391e+00
3.478523015975952148e+00
3.019502878189086914e+00
3.076469182968139648e+00
3.574881315231323242e+00
2.975741624832153320e+00
3.222887992858886719e+00
3.637736558914184570e+00
3.371796369552612305e+00
3.637592077255249023e+00
3.635702610015869141e+00
3.229189395904541016e+00
3.338874816894531250e+00
3.229200363159179688e+00
3.438032150268554688e+00
3.272885084152221680e+00
3.590733289718627930e+00
3.539527893066406250e+00
3.994090080261230469e+00
3.074201107025146484e+00
4.097316741943359375e+00
3.285777330398559570e+00
3.545043706893920898e+00
3.182848930358886719e+00
3.784889936447143555e+00
3.489436864852905273e+00
3.082625150680541992e+00
3.235690116882324219e+00
3.599243402481079102e+00
3.067292213439941406e+00
3.527115583419799805e+00
3.643137931823730469e+00
3.176329851150512695e+00
3.477699995040893555e+00
3.580887079238891602e+00
3.732460737228393555e+00
3.177558660507202148e+00
3.486116409301757812e+00
3.279470205307006836e+00
3.437599182128906250e+00
3.681546688079833984e+00
3.480931282043457031e+00
3.280937433242797852e+00
3.382656812667846680e+00
3.177777290344238281e+00
3.489033699035644531e+00
3.427643537521362305e+00
3.086123943328857422e+00
3.425756931304931641e+00
3.330088853836059570e+00
3.425868272781372070e+00
3.643757820129394531e+00
3.886009931564331055e+00
3.741117238998413086e+00
3.432682275772094727e+00
3.271753311157226562e+00
3.580335140228271484e+00
3.286911725997924805e+00
3.389439105987548828e+00
3.087424278259277344e+00
3.635243415832519531e+00
3.230165004730224609e+00
3.479408502578735352e+00
3.583836078643798828e+00
3.082949161529541016e+00
3.282360315322875977e+00
3.284614801406860352e+00
3.273824453353881836e+00
3.079516887664794922e+00
3.129515647888183594e+00
3.225954532623291016e+00
3.286858320236206055e+00
3.084151268005371094e+00
3.384874582290649414e+00
3.279621362686157227e+00
3.183713912963867188e+00
3.428110122680664062e+00
3.183688879013061523e+00
3.383967876434326172e+00
3.539071321487426758e+00
2.971361637115478516e+00
3.177005052566528320e+00
3.432822465896606445e+00
3.378283500671386719e+00
3.290056705474853516e+00
3.590763807296752930e+00
3.631840467453002930e+00
3.688298702239990234e+00
3.234069585800170898e+00
3.380411624908447266e+00
3.440615653991699219e+00
3.328802585601806641e+00
3.332506656646728516e+00
3.537366867065429688e+00
3.785343885421752930e+00
3.833760261535644531e+00
3.699330806732177734e+00
3.382354974746704102e+00
3.524461984634399414e+00
3.887493848800659180e+00
3.589736700057983398e+00
3.227942705154418945e+00
3.478746414184570312e+00
3.181424617767333984e+00
3.228832960128784180e+00
3.485544204711914062e+00
3.379380702972412109e+00
3.739268541336059570e+00
3.683903455734252930e+00
2.970657110214233398e+00
3.738944053649902344e+00
3.533392667770385742e+00
3.080638408660888672e+00
3.386031866073608398e+00
3.685804128646850586e+00
3.383483886718750000e+00
3.377804279327392578e+00
3.585399150848388672e+00
3.231796503067016602e+00
3.637897968292236328e+00
2.975899934768676758e+00
3.325853586196899414e+00
3.484381437301635742e+00
3.686782121658325195e+00
3.176514387130737305e+00
3.443098545074462891e+00
3.183389186859130859e+00
3.378461837768554688e+00
2.778985023498535156e+00
3.433790206909179688e+00
3.384263992309570312e+00
3.743453264236450195e+00
3.282429218292236328e+00
3.634546518325805664e+00
3.526891708374023438e+00
3.283406019210815430e+00
3.484685420989990234e+00
3.532531738281250000e+00
3.234947204589843750e+00
3.537576675415039062e+00
3.178413391113281250e+00
3.477864027023315430e+00
3.580254793167114258e+00
3.427863121032714844e+00
3.994411706924438477e+00
3.487767696380615234e+00
3.180634260177612305e+00
3.640577316284179688e+00
3.491503715515136719e+00
2.821317434310913086e+00
3.282004117965698242e+00
3.780893564224243164e+00
3.490271329879760742e+00
3.136765718460083008e+00
3.531275033950805664e+00
3.231007337570190430e+00
3.190057277679443359e+00
3.338313341140747070e+00
3.489529371261596680e+00
3.229449987411499023e+00
3.039267063140869141e+00
3.438140630722045898e+00
3.751487731933593750e+00
3.635703325271606445e+00
3.433887720108032227e+00
3.386243581771850586e+00
3.278576374053955078e+00
3.277686357498168945e+00
3.582215547561645508e+00
3.389584302902221680e+00
3.288172245025634766e+00
3.083797693252563477e+00
3.284650802612304688e+00
3.321904897689819336e+00
3.388931035995483398e+00
3.280194282531738281e+00
3.333251714706420898e+00
3.485483407974243164e+00
3.129786014556884766e+00
3.338483810424804688e+00
3.388179540634155273e+00
3.493886470794677734e+00
3.590083837509155273e+00
3.228086948394775391e+00
3.485992670059204102e+00
3.740142107009887695e+00
3.340445756912231445e+00
3.081506729125976562e+00
3.440329074859619141e+00
3.631756067276000977e+00
3.180065870285034180e+00
3.287440299987792969e+00
3.437743186950683594e+00
3.288105726242065430e+00
3.228152990341186523e+00
3.237574815750122070e+00
3.033991336822509766e+00
3.438223361968994141e+00
2.983055830001831055e+00
3.088285923004150391e+00
3.422466754913330078e+00
3.584527254104614258e+00
3.229719877243041992e+00
3.282588481903076172e+00
3.382986783981323242e+00
3.236145734786987305e+00
3.591430425643920898e+00
2.873002290725708008e+00
3.130218505859375000e+00
3.134897232055664062e+00
3.340418338775634766e+00
3.084970474243164062e+00
3.637542724609375000e+00
3.135981082916259766e+00
3.237962722778320312e+00
3.237405776977539062e+00
3.237388610839843750e+00
3.436589717864990234e+00
2.833313226699829102e+00
3.185147285461425781e+00
3.081785202026367188e+00
3.289392709732055664e+00
3.591097831726074219e+00
2.926836967468261719e+00
3.684110164642333984e+00
3.434710741043090820e+00
3.593561410903930664e+00
3.083686590194702148e+00
3.592247724533081055e+00
3.393097162246704102e+00
3.084212303161621094e+00
3.139573574066162109e+00
2.874398708343505859e+00
3.192829608917236328e+00
3.137197971343994141e+00
3.739325046539306641e+00
3.689657211303710938e+00
3.189298152923583984e+00
3.347094774246215820e+00
3.445216655731201172e+00
3.086971759796142578e+00
3.336481332778930664e+00
3.243421554565429688e+00
3.239212036132812500e+00
3.334882736206054688e+00
3.233904361724853516e+00
3.536819696426391602e+00
3.390247583389282227e+00
3.483634948730468750e+00
3.888884305953979492e+00
3.084308147430419922e+00
3.539826869964599609e+00
3.241233110427856445e+00
3.279968500137329102e+00
3.537915229797363281e+00
3.283006906509399414e+00
3.033743381500244141e+00
3.344199419021606445e+00
3.389554500579833984e+00
3.493420124053955078e+00
3.226876735687255859e+00
3.591254949569702148e+00
3.136831283569335938e+00
3.588838100433349609e+00
3.491013765335083008e+00
3.382044315338134766e+00
2.983309984207153320e+00
3.444713354110717773e+00
3.239325761795043945e+00
3.746722221374511719e+00
