4.996640682220458984e+00
2.984665155410766602e+00
2.865936279296875000e+00
3.281022310256958008e+00
3.335087537765502930e+00
3.178699016571044922e+00
3.228735923767089844e+00
3.282742261886596680e+00
3.327102661132812500e+00
3.281701087951660156e+00
3.287818193435668945e+00
2.618333101272583008e+00
3.578753948211669922e+00
3.128950119018554688e+00
3.332006454467773438e+00
3.122926950454711914e+00
3.437916755676269531e+00
3.329919099807739258e+00
3.276947259902954102e+00
3.026186943054199219e+00
3.032304763793945312e+00
3.180019617080688477e+00
3.179245233535766602e+00
3.391781091690063477e+00
3.437666893005371094e+00
3.080039978027343750e+00
3.121531963348388672e+00
3.170085668563842773e+00
2.924027919769287109e+00
3.232867956161499023e+00
3.228451013565063477e+00
3.026213169097900391e+00
3.232454299926757812e+00
2.826774358749389648e+00
3.684909582138061523e+00
2.932007074356079102e+00
3.434804916381835938e+00
2.522282838821411133e+00
3.328715324401855469e+00
2.875860214233398438e+00
3.486433029174804688e+00
3.323323011398315430e+00
3.176510572433471680e+00
2.984199762344360352e+00
2.716659307479858398e+00
3.083333492279052734e+00
3.292445659637451172e+00
3.181275367736816406e+00
3.023093938827514648e+00
3.383052587509155273e+00
3.270254850387573242e+00
3.331132888793945312e+00
3.029725551605224609e+00
2.864215135574340820e+00
3.335821628570556641e+00
3.733198642730712891e+00
3.130020141601562500e+00
3.385987758636474609e+00
3.484234333038330078e+00
3.390576124191284180e+00
3.180351972579956055e+00
2.719960927963256836e+00
3.137562513351440430e+00
3.234241962432861328e+00
2.932074785232543945e+00
3.230114936828613281e+00
3.383468866348266602e+00
3.526523351669311523e+00
2.935416221618652344e+00
3.529253005981445312e+00
2.974874019622802734e+00
2.977242231369018555e+00
3.285481452941894531e+00
3.134564876556396484e+00
3.484400749206542969e+00
3.587911605834960938e+00
3.530397415161132812e+00
3.078997850418090820e+00
3.180953979492187500e+00
2.827944040298461914e+00
2.673987627029418945e+00
3.028071641921997070e+00
3.081497192382812500e+00
3.586520195007324219e+00
2.579094171524047852e+00
3.326110124588012695e+00
3.340426921844482422e+00
3.434850692749023438e+00
3.034570932388305664e+00
2.975072860717773438e+00
3.177974939346313477e+00
3.329235553741455078e+00
3.224196195602416992e+00
3.333033084869384766e+00
3.337696313858032227e+00
2.931783199310302734e+00
3.175182819366455078e+00
2.773388624191284180e+00
2.926255464553833008e+00
3.743879318237304688e+00
3.326073646545410156e+00
2.976475477218627930e+00
3.230470895767211914e+00
3.183029890060424805e+00
2.734618186950683594e+00
3.031948804855346680e+00
3.382616281509399414e+00
3.031909704208374023e+00
3.996145725250244141e+00
3.681805133819580078e+00
3.223298072814941406e+00
3.018949031829833984e+00
2.925322771072387695e+00
3.480190515518188477e+00
2.975606679916381836e+00
3.538312435150146484e+00
3.479446172714233398e+00
3.182609796524047852e+00
3.186569213867187500e+00
3.230097293853759766e+00
3.485341072082519531e+00
3.641090631484985352e+00
3.434196710586547852e+00
3.384560346603393555e+00
2.778961420059204102e+00
2.927030086517333984e+00
3.032068252563476562e+00
3.277335405349731445e+00
3.382044792175292969e+00
3.081546068191528320e+00
2.980485200881958008e+00
3.382080078125000000e+00
3.481692790985107422e+00
3.331978559494018555e+00
3.179219007492065430e+00
3.537832021713256836e+00
3.026411771774291992e+00
2.823359489440917969e+00
2.978730440139770508e+00
3.387936353683471680e+00
3.238116502761840820e+00
2.930861234664916992e+00
2.982914447784423828e+00
3.395143508911132812e+00
2.934010267257690430e+00
3.271147489547729492e+00
3.081629753112792969e+00
3.121738195419311523e+00
3.038589239120483398e+00
2.881543636322021484e+00
2.922330617904663086e+00
2.568729639053344727e+00
3.138227224349975586e+00
2.577484369277954102e+00
3.232695817947387695e+00
3.584928274154663086e+00
3.178062200546264648e+00
3.033480644226074219e+00
2.978800773620605469e+00
2.977934598922729492e+00
2.766311407089233398e+00
3.077308893203735352e+00
3.332355260848999023e+00
3.546006202697753906e+00
3.186305284500122070e+00
3.536314487457275391e+00
2.885009527206420898e+00
3.379419565200805664e+00
3.280376672744750977e+00
3.127385139465332031e+00
2.919622898101806641e+00
3.135146379470825195e+00
2.822498083114624023e+00
2.977044105529785156e+00
3.637794733047485352e+00
2.737997531890869141e+00
3.133190393447875977e+00
3.024828195571899414e+00
2.978981256484985352e+00
3.180960416793823242e+00
2.879771947860717773e+00
2.771798610687255859e+00
3.184854030609130859e+00
2.832511186599731445e+00
3.180963993072509766e+00
3.132815599441528320e+00
3.236547946929931641e+00
3.434383153915405273e+00
3.281979560852050781e+00
3.573769807815551758e+00
3.335908412933349609e+00
2.764471054077148438e+00
2.779623985290527344e+00
3.488694429397583008e+00
3.692803621292114258e+00
3.075118303298950195e+00
3.580326557159423828e+00
3.591052770614624023e+00
3.433243751525878906e+00
3.277185678482055664e+00
3.385466098785400391e+00
3.437291860580444336e+00
3.329211473464965820e+00
2.726332187652587891e+00
3.323817729949951172e+00
3.392991304397583008e+00
3.238729953765869141e+00
3.534087419509887695e+00
3.126714468002319336e+00
3.379956245422363281e+00
3.436990261077880859e+00
2.976579189300537109e+00
2.987533330917358398e+00
3.383468389511108398e+00
3.232779502868652344e+00
2.924950838088989258e+00
3.233603477478027344e+00
2.674990892410278320e+00
3.437648296356201172e+00
3.336055994033813477e+00
3.538545846939086914e+00
3.534533977508544922e+00
3.074010610580444336e+00
3.135478258132934570e+00
3.532443284988403320e+00
3.839360713958740234e+00
3.180399179458618164e+00
3.123902082443237305e+00
3.845545053482055664e+00
3.391200780868530273e+00
3.220757722854614258e+00
3.286216020584106445e+00
3.286725044250488281e+00
3.277331829071044922e+00
3.185601234436035156e+00
3.536602258682250977e+00
2.978927612304687500e+00
3.081624984741210938e+00
3.334090471267700195e+00
3.383746147155761719e+00
3.386412858963012695e+00
3.387307405471801758e+00
3.379846096038818359e+00
3.121797800064086914e+00
3.279818773269653320e+00
2.784348249435424805e+00
3.436561822891235352e+00
2.978849411010742188e+00
2.878538608551025391e+00
3.285563945770263672e+00
3.541384935379028320e+00
3.790812969207763672e+00
2.934213161468505859e+00
3.078325271606445312e+00
3.031423091888427734e+00
3.485430717468261719e+00
3.181216716766357422e+00
3.586200475692749023e+00
3.037062883377075195e+00
2.925721645355224609e+00
3.586647272109985352e+00
3.484549522399902344e+00
3.333144426345825195e+00
3.031939744949340820e+00
3.238809823989868164e+00
3.384953022003173828e+00
3.128259181976318359e+00
3.182955265045166016e+00
3.232120037078857422e+00
3.121676445007324219e+00
3.437539577484130859e+00
3.542536973953247070e+00
3.492897748947143555e+00
3.338276147842407227e+00
3.479791164398193359e+00
3.384737253189086914e+00
3.491348028182983398e+00
3.388589859008789062e+00
3.488928794860839844e+00
3.592557430267333984e+00
3.286728143692016602e+00
3.176048994064331055e+00
3.435355186462402344e+00
3.178352355957031250e+00
3.231148481369018555e+00
2.981615304946899414e+00
3.645941257476806641e+00
2.929639339447021484e+00
3.439524173736572266e+00
3.274122238159179688e+00
3.485782146453857422e+00
3.133616685867309570e+00
2.972532987594604492e+00
3.588263273239135742e+00
3.223182678222656250e+00
3.084228754043579102e+00
3.339920043945312500e+00
3.479966640472412109e+00
2.969892024993896484e+00
3.076542139053344727e+00
3.381528615951538086e+00
3.436989068984985352e+00
3.281561613082885742e+00
3.485297918319702148e+00
3.575154304504394531e+00
3.032784938812255859e+00
3.185654640197753906e+00
3.076881647109985352e+00
3.226929664611816406e+00
3.235261917114257812e+00
3.282331466674804688e+00
3.946643352508544922e+00
3.182305574417114258e+00
3.327865839004516602e+00
3.527175903320312500e+00
3.231003522872924805e+00
3.234651565551757812e+00
3.387278556823730469e+00
3.279410362243652344e+00
3.332926034927368164e+00
3.180506944656372070e+00
3.082911491394042969e+00
3.485599040985107422e+00
3.583321571350097656e+00
3.131350040435791016e+00
3.490142822265625000e+00
3.129553556442260742e+00
3.276757240295410156e+00
3.283390998840332031e+00
3.185603857040405273e+00
3.427933454513549805e+00
3.070183992385864258e+00
3.123155593872070312e+00
3.337300062179565430e+00
3.335530281066894531e+00
2.883910179138183594e+00
3.031195163726806641e+00
3.337807416915893555e+00
3.384841203689575195e+00
3.542491197586059570e+00
3.223785638809204102e+00
3.178846836090087891e+00
3.484400749206542969e+00
3.591091871261596680e+00
3.074156284332275391e+00
3.380680561065673828e+00
2.882984876632690430e+00
3.532646417617797852e+00
3.535161733627319336e+00
2.982292890548706055e+00
3.840596914291381836e+00
3.689057588577270508e+00
3.237702608108520508e+00
3.225092172622680664e+00
3.027828454971313477e+00
3.427688360214233398e+00
3.328620672225952148e+00
3.132631540298461914e+00
3.392528295516967773e+00
3.691401481628417969e+00
3.493731975555419922e+00
3.088903903961181641e+00
3.232877254486083984e+00
3.185451984405517578e+00
3.426918029785156250e+00
3.535958766937255859e+00
2.978920936584472656e+00
3.192575931549072266e+00
3.487511873245239258e+00
3.385035514831542969e+00
3.339135408401489258e+00
3.032768011093139648e+00
3.174123525619506836e+00
3.132504224777221680e+00
3.473670959472656250e+00
3.137045383453369141e+00
3.582965135574340820e+00
3.483199357986450195e+00
3.289165973663330078e+00
3.181305170059204102e+00
3.430958271026611328e+00
3.234327077865600586e+00
3.020576238632202148e+00
3.438552141189575195e+00
3.396129846572875977e+00
3.134069442749023438e+00
3.488852739334106445e+00
3.539538621902465820e+00
3.429598093032836914e+00
3.182631015777587891e+00
2.871323823928833008e+00
3.266843557357788086e+00
3.284879207611083984e+00
3.384805202484130859e+00
3.592414140701293945e+00
3.023784875869750977e+00
3.492031812667846680e+00
3.533680677413940430e+00
3.239581823348999023e+00
3.079452753067016602e+00
3.479282855987548828e+00
3.338367223739624023e+00
3.594675064086914062e+00
3.527620792388916016e+00
3.234649896621704102e+00
3.035492181777954102e+00
3.533924579620361328e+00
2.975651502609252930e+00
3.379496812820434570e+00
3.788539171218872070e+00
3.229892253875732422e+00
3.370394706726074219e+00
3.141670227050781250e+00
3.137244939804077148e+00
3.337377071380615234e+00
3.586809396743774414e+00
3.333832740783691406e+00
3.740613698959350586e+00
3.431885480880737305e+00
3.331992387771606445e+00
3.118705034255981445e+00
3.432957172393798828e+00
3.390179395675659180e+00
3.289947748184204102e+00
3.783573389053344727e+00
3.187034845352172852e+00
3.642861843109130859e+00
3.082170486450195312e+00
3.179587602615356445e+00
3.382942914962768555e+00
3.083494901657104492e+00
3.180091857910156250e+00
3.444670677185058594e+00
3.139350891113281250e+00
3.544902563095092773e+00
3.488473176956176758e+00
3.335833787918090820e+00
3.131814002990722656e+00
3.124335050582885742e+00
3.586426496505737305e+00
3.284165143966674805e+00
3.691716909408569336e+00
3.335728406906127930e+00
3.385447025299072266e+00
3.630812883377075195e+00
3.588581323623657227e+00
3.338404178619384766e+00
3.539791345596313477e+00
3.030450105667114258e+00
3.384030818939208984e+00
3.021217584609985352e+00
3.390641212463378906e+00
3.082371234893798828e+00
3.645190954208374023e+00
2.784062147140502930e+00
3.040144681930541992e+00
3.030999422073364258e+00
3.478652954101562500e+00
3.484309434890747070e+00
3.333014726638793945e+00
2.883786678314208984e+00
3.074942111968994141e+00
3.284910678863525391e+00
3.134128808975219727e+00
3.075267553329467773e+00
3.438972473144531250e+00
3.242214918136596680e+00
3.694000244140625000e+00
3.085047006607055664e+00
3.280267715454101562e+00
3.277023315429687500e+00
3.485171794891357422e+00
3.239121675491333008e+00
3.427958011627197266e+00
2.676942825317382812e+00
3.540426731109619141e+00
3.331585884094238281e+00
2.983496427536010742e+00
3.638562202453613281e+00
3.229751825332641602e+00
3.486269474029541016e+00
3.588484764099121094e+00
3.236373662948608398e+00
3.545323133468627930e+00
3.441529750823974609e+00
3.228879451751708984e+00
3.445619106292724609e+00
3.636117219924926758e+00
3.594753503799438477e+00
3.282580852508544922e+00
2.878140211105346680e+00
3.484520196914672852e+00
3.583052635192871094e+00
2.980237960815429688e+00
3.537249088287353516e+00
3.581548690795898438e+00
3.487532854080200195e+00
3.496696233749389648e+00
3.239354610443115234e+00
3.291190147399902344e+00
